ClassName,Duration
org.apache.kafka.clients.ApiVersionsTest,0.0
org.apache.kafka.clients.ClientUtilsTest,0.35000000000000003
org.apache.kafka.clients.ClusterConnectionStatesTest,0.013000000000000001
org.apache.kafka.clients.CommonClientConfigsTest,0.008
org.apache.kafka.clients.FetchSessionHandlerTest,0.5920000000000001
org.apache.kafka.clients.InFlightRequestsTest,0.002
org.apache.kafka.clients.MetadataCacheTest,0.014
org.apache.kafka.clients.MetadataTest,0.049000000000000016
org.apache.kafka.clients.NetworkClientTest,0.12500000000000003
org.apache.kafka.clients.NodeApiVersionsTest,0.005
org.apache.kafka.clients.admin.ConfigTest,0.019
org.apache.kafka.clients.admin.DeleteConsumerGroupOffsetsResultTest,0.08700000000000001
org.apache.kafka.clients.admin.KafkaAdminClientTest,6.490999999999996
org.apache.kafka.clients.admin.MemberDescriptionTest,0.0
org.apache.kafka.clients.admin.RemoveMembersFromConsumerGroupOptionsTest,0.001
org.apache.kafka.clients.admin.RemoveMembersFromConsumerGroupResultTest,0.011000000000000003
org.apache.kafka.clients.admin.internals.AdminMetadataManagerTest,0.005
org.apache.kafka.clients.consumer.ConsumerConfigTest,0.024
org.apache.kafka.clients.consumer.ConsumerGroupMetadataTest,0.005
org.apache.kafka.clients.consumer.ConsumerRecordTest,0.001
org.apache.kafka.clients.consumer.ConsumerRecordsTest,0.004
org.apache.kafka.clients.consumer.CooperativeStickyAssignorTest,21.801000000000002
org.apache.kafka.clients.consumer.KafkaConsumerTest,4.805000000000001
org.apache.kafka.clients.consumer.MockConsumerTest,0.013999999999999999
org.apache.kafka.clients.consumer.OffsetAndMetadataTest,0.017
org.apache.kafka.clients.consumer.RangeAssignorTest,0.012
org.apache.kafka.clients.consumer.RoundRobinAssignorTest,0.006
org.apache.kafka.clients.consumer.StickyAssignorTest,21.265
org.apache.kafka.clients.consumer.internals.AbstractCoordinatorTest,2.053
org.apache.kafka.clients.consumer.internals.AbstractPartitionAssignorTest,0.003
org.apache.kafka.clients.consumer.internals.ConsumerCoordinatorTest,12.262000000000004
org.apache.kafka.clients.consumer.internals.ConsumerInterceptorsTest,0.002
org.apache.kafka.clients.consumer.internals.ConsumerMetadataTest,0.937
org.apache.kafka.clients.consumer.internals.ConsumerNetworkClientTest,0.309
org.apache.kafka.clients.consumer.internals.ConsumerProtocolTest,0.003
org.apache.kafka.clients.consumer.internals.FetcherTest,2.058999999999993
org.apache.kafka.clients.consumer.internals.HeartbeatTest,0.001
org.apache.kafka.clients.consumer.internals.OffsetForLeaderEpochClientTest,0.009000000000000001
org.apache.kafka.clients.consumer.internals.PartitionAssignorAdapterTest,0.43100000000000005
org.apache.kafka.clients.consumer.internals.RequestFutureTest,0.004
org.apache.kafka.clients.consumer.internals.SubscriptionStateTest,0.017000000000000005
org.apache.kafka.clients.producer.KafkaProducerTest,9.014999999999999
org.apache.kafka.clients.producer.MockProducerTest,0.09100000000000004
org.apache.kafka.clients.producer.ProducerConfigTest,0.062
org.apache.kafka.clients.producer.ProducerRecordTest,0.011
org.apache.kafka.clients.producer.RecordMetadataTest,0.033
org.apache.kafka.clients.producer.RecordSendTest,0.118
org.apache.kafka.clients.producer.RoundRobinPartitionerTest,0.026000000000000002
org.apache.kafka.clients.producer.UniformStickyPartitionerTest,0.004
org.apache.kafka.clients.producer.internals.BufferPoolTest,6.592000000000001
org.apache.kafka.clients.producer.internals.DefaultPartitionerTest,0.001
org.apache.kafka.clients.producer.internals.FutureRecordMetadataTest,0.098
org.apache.kafka.clients.producer.internals.ProducerBatchTest,0.5680000000000001
org.apache.kafka.clients.producer.internals.ProducerInterceptorsTest,0.005
org.apache.kafka.clients.producer.internals.ProducerMetadataTest,2.0219999999999994
org.apache.kafka.clients.producer.internals.RecordAccumulatorTest,4.697000000000002
org.apache.kafka.clients.producer.internals.SenderTest,1.1429999999999987
org.apache.kafka.clients.producer.internals.StickyPartitionCacheTest,0.016
org.apache.kafka.clients.producer.internals.TransactionManagerTest,4.364999999999997
org.apache.kafka.common.ClusterTest,0.006
org.apache.kafka.common.KafkaFutureTest,0.023
org.apache.kafka.common.PartitionInfoTest,0.0
org.apache.kafka.common.TopicPartitionTest,0.007
org.apache.kafka.common.acl.AclBindingTest,0.003
org.apache.kafka.common.acl.AclOperationTest,0.002
org.apache.kafka.common.acl.AclPermissionTypeTest,0.002
org.apache.kafka.common.acl.ResourcePatternFilterTest,0.004
org.apache.kafka.common.acl.ResourcePatternTest,0.002
org.apache.kafka.common.cache.LRUCacheTest,0.003
org.apache.kafka.common.config.AbstractConfigTest,0.039
org.apache.kafka.common.config.ConfigDefTest,0.021000000000000005
org.apache.kafka.common.config.ConfigResourceTest,0.001
org.apache.kafka.common.config.ConfigTransformerTest,0.011000000000000003
org.apache.kafka.common.config.SaslConfigsTest,0.005
org.apache.kafka.common.config.provider.FileConfigProviderTest,0.003
org.apache.kafka.common.header.internals.RecordHeadersTest,0.004
org.apache.kafka.common.internals.PartitionStatesTest,0.001
org.apache.kafka.common.internals.TopicTest,0.001
org.apache.kafka.common.memory.GarbageCollectedMemoryPoolTest,0.848
org.apache.kafka.common.message.ApiMessageTypeTest,0.016
org.apache.kafka.common.message.MessageTest,0.17500000000000002
org.apache.kafka.common.message.SimpleExampleMessageTest,0.024000000000000007
org.apache.kafka.common.metrics.JmxReporterTest,0.008
org.apache.kafka.common.metrics.KafkaMbeanTest,0.011000000000000003
org.apache.kafka.common.metrics.KafkaMetricsContextTest,0.001
org.apache.kafka.common.metrics.MetricsTest,1.5909999999999995
org.apache.kafka.common.metrics.SensorTest,0.016
org.apache.kafka.common.metrics.internals.IntGaugeSuiteTest,0.002
org.apache.kafka.common.metrics.stats.FrequenciesTest,0.009000000000000001
org.apache.kafka.common.metrics.stats.HistogramTest,0.004
org.apache.kafka.common.metrics.stats.MeterTest,0.006
org.apache.kafka.common.network.ChannelBuildersTest,0.08600000000000001
org.apache.kafka.common.network.KafkaChannelTest,0.248
org.apache.kafka.common.network.NetworkReceiveTest,0.035
org.apache.kafka.common.network.SaslChannelBuilderTest,1.994
org.apache.kafka.common.network.SelectorTest,4.308999999999999
org.apache.kafka.common.network.SslSelectorTest,83.38299999999998
org.apache.kafka.common.network.SslTransportLayerTest,149.89899999999997
org.apache.kafka.common.network.SslTransportTls12Tls13Test,5.268000000000001
org.apache.kafka.common.network.SslVersionsTransportLayerTest,36.908
org.apache.kafka.common.protocol.ApiKeysTest,0.001
org.apache.kafka.common.protocol.ErrorsTest,0.001
org.apache.kafka.common.protocol.MessageUtilTest,0.003
org.apache.kafka.common.protocol.ProtoUtilsTest,0.0
org.apache.kafka.common.protocol.types.ProtocolSerializationTest,0.010000000000000002
org.apache.kafka.common.protocol.types.RawTaggedFieldWriterTest,0.003
org.apache.kafka.common.protocol.types.StructTest,0.002
org.apache.kafka.common.record.AbstractLegacyRecordBatchTest,0.007
org.apache.kafka.common.record.BufferSupplierTest,0.001
org.apache.kafka.common.record.ByteBufferLogInputStreamTest,0.002
org.apache.kafka.common.record.CompressionRatioEstimatorTest,0.001
org.apache.kafka.common.record.CompressionTypeTest,0.0
org.apache.kafka.common.record.ControlRecordTypeTest,0.001
org.apache.kafka.common.record.DefaultRecordBatchTest,0.186
org.apache.kafka.common.record.DefaultRecordTest,0.007
org.apache.kafka.common.record.EndTransactionMarkerTest,0.002
org.apache.kafka.common.record.FileLogInputStreamTest,3.865999999999995
org.apache.kafka.common.record.FileRecordsTest,3.6380000000000003
org.apache.kafka.common.record.KafkaLZ4Test,0.2600000000000002
org.apache.kafka.common.record.LazyDownConversionRecordsTest$ParameterizedConversionTest,0.822
org.apache.kafka.common.record.LazyDownConversionRecordsTest,0.084
org.apache.kafka.common.record.LegacyRecordTest,2.0179999999999896
org.apache.kafka.common.record.MemoryRecordsBuilderTest,3.613999999999994
org.apache.kafka.common.record.MemoryRecordsTest,0.2670000000000002
org.apache.kafka.common.record.MultiRecordsSendTest,0.006
org.apache.kafka.common.record.SimpleLegacyRecordTest,0.006
org.apache.kafka.common.replica.ReplicaSelectorTest,0.01
org.apache.kafka.common.requests.AddPartitionsToTxnRequestTest,0.005
org.apache.kafka.common.requests.AddPartitionsToTxnResponseTest,0.004
org.apache.kafka.common.requests.AlterReplicaLogDirsRequestTest,0.003
org.apache.kafka.common.requests.AlterReplicaLogDirsResponseTest,0.002
org.apache.kafka.common.requests.ApiVersionsResponseTest,0.007
org.apache.kafka.common.requests.ControlledShutdownRequestTest,0.004
org.apache.kafka.common.requests.CreateAclsRequestTest,0.009000000000000001
org.apache.kafka.common.requests.DeleteAclsRequestTest,0.022000000000000002
org.apache.kafka.common.requests.DeleteAclsResponseTest,0.003
org.apache.kafka.common.requests.DeleteGroupsResponseTest,0.001
org.apache.kafka.common.requests.DescribeAclsRequestTest,0.002
org.apache.kafka.common.requests.DescribeAclsResponseTest,0.002
org.apache.kafka.common.requests.EndTxnRequestTest,0.003
org.apache.kafka.common.requests.EndTxnResponseTest,0.0
org.apache.kafka.common.requests.EpochEndOffsetTest,0.0
org.apache.kafka.common.requests.HeartbeatRequestTest,0.0
org.apache.kafka.common.requests.JoinGroupRequestTest,0.001
org.apache.kafka.common.requests.LeaderAndIsrRequestTest,0.023
org.apache.kafka.common.requests.LeaderAndIsrResponseTest,0.004
org.apache.kafka.common.requests.LeaveGroupRequestTest,0.002
org.apache.kafka.common.requests.LeaveGroupResponseTest,0.004
org.apache.kafka.common.requests.MetadataRequestTest,0.002
org.apache.kafka.common.requests.OffsetCommitRequestTest,0.002
org.apache.kafka.common.requests.OffsetCommitResponseTest,0.003
org.apache.kafka.common.requests.OffsetFetchRequestTest,0.003
org.apache.kafka.common.requests.OffsetFetchResponseTest,0.004
org.apache.kafka.common.requests.OffsetsForLeaderEpochRequestTest,0.002
org.apache.kafka.common.requests.ProduceRequestTest,0.016
org.apache.kafka.common.requests.ProduceResponseTest,0.012
org.apache.kafka.common.requests.RequestContextTest,0.004
org.apache.kafka.common.requests.RequestHeaderTest,0.001
org.apache.kafka.common.requests.RequestResponseTest,0.14900000000000002
org.apache.kafka.common.requests.StopReplicaRequestTest,0.003
org.apache.kafka.common.requests.StopReplicaResponseTest,0.017
org.apache.kafka.common.requests.SyncGroupRequestTest,0.0
org.apache.kafka.common.requests.TxnOffsetCommitRequestTest,0.005
org.apache.kafka.common.requests.TxnOffsetCommitResponseTest,0.004
org.apache.kafka.common.requests.UpdateMetadataRequestTest,0.015
org.apache.kafka.common.requests.WriteTxnMarkersRequestTest,0.004
org.apache.kafka.common.requests.WriteTxnMarkersResponseTest,0.002
org.apache.kafka.common.resource.ResourceFilterTest,0.006
org.apache.kafka.common.resource.ResourceTypeTest,0.001
org.apache.kafka.common.security.JaasContextTest,0.42700000000000016
org.apache.kafka.common.security.SaslExtensionsTest,0.0
org.apache.kafka.common.security.auth.DefaultKafkaPrincipalBuilderTest,0.10300000000000001
org.apache.kafka.common.security.auth.KafkaPrincipalTest,0.0
org.apache.kafka.common.security.authenticator.ClientAuthenticationFailureTest,0.664
org.apache.kafka.common.security.authenticator.LoginManagerTest,0.013000000000000001
org.apache.kafka.common.security.authenticator.SaslAuthenticatorFailureDelayTest,3.5300000000000002
org.apache.kafka.common.security.authenticator.SaslAuthenticatorTest,72.90399999999998
org.apache.kafka.common.security.authenticator.SaslServerAuthenticatorTest,0.323
org.apache.kafka.common.security.kerberos.KerberosNameTest,0.003
org.apache.kafka.common.security.kerberos.KerberosRuleTest,0.001
org.apache.kafka.common.security.oauthbearer.OAuthBearerExtensionsValidatorCallbackTest,0.004
org.apache.kafka.common.security.oauthbearer.OAuthBearerLoginModuleTest,0.068
org.apache.kafka.common.security.oauthbearer.OAuthBearerSaslClienCallbackHandlerTest,0.007
org.apache.kafka.common.security.oauthbearer.OAuthBearerTokenCallbackTest,0.001
org.apache.kafka.common.security.oauthbearer.OAuthBearerValidatorCallbackTest,0.001
org.apache.kafka.common.security.oauthbearer.internals.OAuthBearerClientInitialResponseTest,0.007
org.apache.kafka.common.security.oauthbearer.internals.OAuthBearerSaslClientTest,0.013999999999999999
org.apache.kafka.common.security.oauthbearer.internals.OAuthBearerSaslServerTest,0.708
org.apache.kafka.common.security.oauthbearer.internals.expiring.ExpiringCredentialRefreshConfigTest,0.001
org.apache.kafka.common.security.oauthbearer.internals.expiring.ExpiringCredentialRefreshingLoginTest,0.12400000000000001
org.apache.kafka.common.security.oauthbearer.internals.unsecured.OAuthBearerScopeUtilsTest,0.002
org.apache.kafka.common.security.oauthbearer.internals.unsecured.OAuthBearerUnsecuredJwsTest,0.65
org.apache.kafka.common.security.oauthbearer.internals.unsecured.OAuthBearerUnsecuredLoginCallbackHandlerTest,0.010000000000000002
org.apache.kafka.common.security.oauthbearer.internals.unsecured.OAuthBearerUnsecuredValidatorCallbackHandlerTest,0.008
org.apache.kafka.common.security.oauthbearer.internals.unsecured.OAuthBearerValidationUtilsTest,0.036000000000000004
org.apache.kafka.common.security.plain.internals.PlainSaslServerTest,0.004
org.apache.kafka.common.security.scram.internals.ScramCredentialUtilsTest,0.095
org.apache.kafka.common.security.scram.internals.ScramFormatterTest,0.022
org.apache.kafka.common.security.scram.internals.ScramMessagesTest,0.009000000000000001
org.apache.kafka.common.security.scram.internals.ScramSaslServerTest,0.16599999999999998
org.apache.kafka.common.security.ssl.SslFactoryTest,14.204
org.apache.kafka.common.security.ssl.SslPrincipalMapperTest,0.010000000000000002
org.apache.kafka.common.serialization.SerializationTest,0.028
org.apache.kafka.common.utils.AbstractIteratorTest,0.002
org.apache.kafka.common.utils.AppInfoParserTest,0.002
org.apache.kafka.common.utils.ByteBufferOutputStreamTest,0.001
org.apache.kafka.common.utils.ByteBufferUnmapperTest,0.003
org.apache.kafka.common.utils.ByteUtilsTest,0.002
org.apache.kafka.common.utils.BytesTest,0.006
org.apache.kafka.common.utils.ChecksumsTest,0.001
org.apache.kafka.common.utils.CircularIteratorTest,0.002
org.apache.kafka.common.utils.CollectionUtilsTest,0.001
org.apache.kafka.common.utils.Crc32CTest,0.001
org.apache.kafka.common.utils.Crc32Test,0.001
org.apache.kafka.common.utils.ExitTest,0.006
org.apache.kafka.common.utils.FixedOrderMapTest,0.009000000000000001
org.apache.kafka.common.utils.FlattenedIteratorTest,0.009000000000000001
org.apache.kafka.common.utils.ImplicitLinkedHashCollectionTest,0.05000000000000001
org.apache.kafka.common.utils.ImplicitLinkedHashMultiCollectionTest,0.036000000000000004
org.apache.kafka.common.utils.JavaTest,0.001
org.apache.kafka.common.utils.LoggingSignalHandlerTest,0.007
org.apache.kafka.common.utils.MappedIteratorTest,0.004
org.apache.kafka.common.utils.MockTimeTest,0.004
org.apache.kafka.common.utils.SanitizerTest,1.9109999999999998
org.apache.kafka.common.utils.SecurityUtilsTest,0.005
org.apache.kafka.common.utils.ShellTest,0.030999999999999996
org.apache.kafka.common.utils.SystemTimeTest,0.108
org.apache.kafka.common.utils.ThreadUtilsTest,0.003
org.apache.kafka.common.utils.TimerTest,0.0
org.apache.kafka.common.utils.UtilsTest,0.10800000000000001
org.apache.kafka.connect.connector.ConnectorReconfigurationTest,0.007
org.apache.kafka.connect.data.ConnectSchemaTest,0.013000000000000005
org.apache.kafka.connect.data.DateTest,0.001
org.apache.kafka.connect.data.DecimalTest,0.004
org.apache.kafka.connect.data.FieldTest,0.001
org.apache.kafka.connect.data.SchemaBuilderTest,0.015000000000000006
org.apache.kafka.connect.data.SchemaProjectorTest,0.025
org.apache.kafka.connect.data.StructTest,0.020000000000000007
org.apache.kafka.connect.data.TimeTest,0.006
org.apache.kafka.connect.data.TimestampTest,0.002
org.apache.kafka.connect.data.ValuesTest,0.062000000000000034
org.apache.kafka.connect.header.ConnectHeaderTest,0.004
org.apache.kafka.connect.header.ConnectHeadersTest,0.022000000000000006
org.apache.kafka.connect.sink.SinkConnectorTest,0.004
org.apache.kafka.connect.sink.SinkRecordTest,0.271
org.apache.kafka.connect.source.SourceConnectorTest,0.001
org.apache.kafka.connect.source.SourceRecordTest,0.002
org.apache.kafka.connect.storage.ConverterTypeTest,0.004
org.apache.kafka.connect.storage.SimpleHeaderConverterTest,0.315
org.apache.kafka.connect.storage.StringConverterTest,0.09300000000000001
org.apache.kafka.connect.util.ConnectorUtilsTest,0.011
org.apache.kafka.connect.rest.basic.auth.extension.JaasBasicAuthFilterTest,1.0829999999999997
org.apache.kafka.connect.file.FileStreamSinkConnectorTest,0.004
org.apache.kafka.connect.file.FileStreamSinkTaskTest,0.248
org.apache.kafka.connect.file.FileStreamSourceConnectorTest,0.34800000000000003
org.apache.kafka.connect.file.FileStreamSourceTaskTest,3.472
org.apache.kafka.connect.json.JsonConverterConfigTest,0.28
org.apache.kafka.connect.json.JsonConverterTest,1.743999999999996
org.apache.kafka.connect.mirror.MirrorClientTest,0.219
org.apache.kafka.connect.mirror.CheckpointTest,0.001
org.apache.kafka.connect.mirror.HeartbeatTest,0.001
org.apache.kafka.connect.mirror.MirrorCheckpointConnectorTest,0.018
org.apache.kafka.connect.mirror.MirrorCheckpointTaskTest,0.095
org.apache.kafka.connect.mirror.MirrorConnectorConfigTest,0.20900000000000002
org.apache.kafka.connect.mirror.MirrorConnectorsIntegrationTest,91.906
org.apache.kafka.connect.mirror.MirrorHeartBeatConnectorTest,0.004
org.apache.kafka.connect.mirror.MirrorMakerConfigTest,6.012
org.apache.kafka.connect.mirror.MirrorSourceConnectorTest,2.53
org.apache.kafka.connect.mirror.MirrorSourceTaskTest,0.016
org.apache.kafka.connect.mirror.OffsetSyncStoreTest,0.002
org.apache.kafka.connect.mirror.OffsetSyncTest,0.361
org.apache.kafka.connect.connector.policy.NoneConnectorClientConfigOverridePolicyTest,0.002
org.apache.kafka.connect.connector.policy.PrincipalConnectorClientConfigOverridePolicyTest,0.002
org.apache.kafka.connect.converters.ByteArrayConverterTest,0.005
org.apache.kafka.connect.converters.DoubleConverterTest,0.004
org.apache.kafka.connect.converters.FloatConverterTest,0.008
org.apache.kafka.connect.converters.IntegerConverterTest,0.006
org.apache.kafka.connect.converters.LongConverterTest,0.004
org.apache.kafka.connect.converters.ShortConverterTest,0.003
org.apache.kafka.connect.integration.BlockingConnectorTest,145.079
org.apache.kafka.connect.integration.ConnectWorkerIntegrationTest,107.275
org.apache.kafka.connect.integration.ConnectorClientPolicyIntegrationTest,41.765
org.apache.kafka.connect.integration.ConnectorTopicsIntegrationTest,87.07400000000001
org.apache.kafka.connect.integration.ErrorHandlingIntegrationTest,22.276
org.apache.kafka.connect.integration.ExampleConnectIntegrationTest,34.341
org.apache.kafka.connect.integration.InternalTopicsIntegrationTest,111.68600000000002
org.apache.kafka.connect.integration.RebalanceSourceConnectorsIntegrationTest,103.847
org.apache.kafka.connect.integration.RestExtensionIntegrationTest,15.161
org.apache.kafka.connect.integration.SessionedProtocolIntegrationTest,0.0
org.apache.kafka.connect.integration.SourceConnectorsIntegrationTest,65.535
org.apache.kafka.connect.integration.StartAndStopCounterTest,0.104
org.apache.kafka.connect.integration.StartAndStopLatchTest,0.309
org.apache.kafka.connect.integration.TransformationIntegrationTest,62.736000000000004
org.apache.kafka.connect.runtime.AbstractHerderTest,1.457
org.apache.kafka.connect.runtime.ConnectMetricsTest,0.021000000000000005
org.apache.kafka.connect.runtime.ConnectorConfigTest,0.024000000000000014
org.apache.kafka.connect.runtime.ErrorHandlingTaskTest,9.438
org.apache.kafka.connect.runtime.ErrorHandlingTaskWithTopicCreationTest,9.481
org.apache.kafka.connect.runtime.PredicatedTransformationTest,0.001
org.apache.kafka.connect.runtime.SourceConnectorConfigTest,0.32999999999999996
org.apache.kafka.connect.runtime.SourceTaskOffsetCommitterTest,0.867
org.apache.kafka.connect.runtime.StateTrackerTest,0.001
org.apache.kafka.connect.runtime.TransformationConfigTest,0.03500000000000001
org.apache.kafka.connect.runtime.WorkerConfigTest,0.009000000000000001
org.apache.kafka.connect.runtime.WorkerConfigTransformerTest,0.908
org.apache.kafka.connect.runtime.WorkerConnectorTest,0.29900000000000004
org.apache.kafka.connect.runtime.WorkerSinkTaskTest,1.9149999999999994
org.apache.kafka.connect.runtime.WorkerSinkTaskThreadedTest,1.9899999999999998
org.apache.kafka.connect.runtime.WorkerSourceTaskTest,23.665999999999997
org.apache.kafka.connect.runtime.WorkerSourceTaskWithTopicCreationTest,33.609
org.apache.kafka.connect.runtime.WorkerTaskTest,1.8699999999999999
org.apache.kafka.connect.runtime.WorkerTest,2.3569999999999993
org.apache.kafka.connect.runtime.WorkerWithTopicCreationTest,2.549999999999999
org.apache.kafka.connect.runtime.distributed.ConnectProtocolCompatibilityTest,0.28900000000000003
org.apache.kafka.connect.runtime.distributed.DistributedConfigTest,0.462
org.apache.kafka.connect.runtime.distributed.DistributedHerderTest,3.1269999999999984
org.apache.kafka.connect.runtime.distributed.IncrementalCooperativeAssignorTest,0.8050000000000002
org.apache.kafka.connect.runtime.distributed.WorkerCoordinatorIncrementalTest,0.42500000000000004
org.apache.kafka.connect.runtime.distributed.WorkerCoordinatorTest,0.23200000000000007
org.apache.kafka.connect.runtime.distributed.WorkerGroupMemberTest,1.086
org.apache.kafka.connect.runtime.errors.ErrorReporterTest,1.1919999999999993
org.apache.kafka.connect.runtime.errors.RetryWithToleranceOperatorTest,0.6190000000000001
org.apache.kafka.connect.runtime.errors.WorkerErrantRecordReporterTest,0.684
org.apache.kafka.connect.runtime.health.ConnectClusterStateImplTest,0.20400000000000001
org.apache.kafka.connect.runtime.isolation.DelegatingClassLoaderTest,7.281
org.apache.kafka.connect.runtime.isolation.PluginDescTest,0.006
org.apache.kafka.connect.runtime.isolation.PluginUtilsTest,0.048
org.apache.kafka.connect.runtime.isolation.PluginsTest,18.862
org.apache.kafka.connect.runtime.rest.InternalRequestSignatureTest,1.4189999999999998
org.apache.kafka.connect.runtime.rest.RestServerTest,9.982
org.apache.kafka.connect.runtime.rest.entities.ConnectorTypeTest,0.001
org.apache.kafka.connect.runtime.rest.resources.ConnectorPluginsResourceTest,1.9829999999999997
org.apache.kafka.connect.runtime.rest.resources.ConnectorsResourceTest,2.135999999999999
org.apache.kafka.connect.runtime.rest.resources.LoggingResourceTest,1.1769999999999996
org.apache.kafka.connect.runtime.rest.resources.RootResourceTest,0.006
org.apache.kafka.connect.runtime.rest.util.SSLUtilsTest,0.036000000000000004
org.apache.kafka.connect.runtime.standalone.StandaloneConfigTest,0.008
org.apache.kafka.connect.runtime.standalone.StandaloneHerderTest,2.4059999999999984
org.apache.kafka.connect.storage.FileOffsetBackingStoreTest,0.517
org.apache.kafka.connect.storage.KafkaConfigBackingStoreTest,1.7129999999999992
org.apache.kafka.connect.storage.KafkaOffsetBackingStoreTest,0.655
org.apache.kafka.connect.storage.KafkaStatusBackingStoreFormatTest,1.613
org.apache.kafka.connect.storage.KafkaStatusBackingStoreTest,0.681
org.apache.kafka.connect.storage.MemoryStatusBackingStoreTest,0.008
org.apache.kafka.connect.storage.OffsetStorageWriterTest,0.35900000000000004
org.apache.kafka.connect.util.ConnectUtilsTest,0.118
org.apache.kafka.connect.util.ConvertingFutureCallbackTest,0.016
org.apache.kafka.connect.util.KafkaBasedLogTest,2.1229999999999998
org.apache.kafka.connect.util.LoggingContextTest,0.026000000000000006
org.apache.kafka.connect.util.ShutdownableThreadTest,0.254
org.apache.kafka.connect.util.TableTest,0.003
org.apache.kafka.connect.util.TopicAdminTest,3.157999999999998
org.apache.kafka.connect.util.TopicCreationTest,5.413
org.apache.kafka.connect.transforms.CastTest,0.09200000000000003
org.apache.kafka.connect.transforms.ExtractFieldTest,0.009000000000000001
org.apache.kafka.connect.transforms.FlattenTest,0.022000000000000006
org.apache.kafka.connect.transforms.HoistFieldTest,0.284
org.apache.kafka.connect.transforms.InsertFieldTest,0.009000000000000001
org.apache.kafka.connect.transforms.MaskFieldTest,0.106
org.apache.kafka.connect.transforms.RegexRouterTest,0.008
org.apache.kafka.connect.transforms.ReplaceFieldTest,0.405
org.apache.kafka.connect.transforms.SetSchemaMetadataTest,0.006
org.apache.kafka.connect.transforms.TimestampConverterTest,0.10800000000000004
org.apache.kafka.connect.transforms.TimestampRouterTest,0.004
org.apache.kafka.connect.transforms.ValueToKeyTest,0.008
org.apache.kafka.connect.transforms.predicates.HasHeaderKeyTest,0.025
org.apache.kafka.connect.transforms.predicates.TopicNameMatchesTest,0.021000000000000005
org.apache.kafka.connect.transforms.util.NonEmptyListValidatorTest,0.015
kafka.KafkaTest,0.08500000000000002
kafka.admin.AclCommandTest,49.761
kafka.admin.AddPartitionsTest,28.171999999999997
kafka.admin.AdminRackAwareTest,0.02
kafka.admin.AdminZkClientTest,7.741999999999999
kafka.admin.BrokerApiVersionsCommandTest,2.193
kafka.admin.ConfigCommandTest,7.528000000000003
kafka.admin.DelegationTokenCommandTest,3.205
kafka.admin.DeleteConsumerGroupsTest,36.051
kafka.admin.DeleteOffsetsConsumerGroupCommandIntegrationTest,24.699
kafka.admin.DeleteTopicTest,88.69800000000001
kafka.admin.DescribeConsumerGroupTest,136.31199999999998
kafka.admin.LeaderElectionCommandTest,53.836
kafka.admin.ListConsumerGroupTest,25.932
kafka.admin.PreferredReplicaLeaderElectionCommandTest,94.06700000000001
kafka.admin.ReassignPartitionsCommandArgsTest,0.12400000000000005
kafka.admin.ReassignPartitionsIntegrationTest,66.53899999999999
kafka.admin.ReassignPartitionsUnitTest,0.15900000000000003
kafka.admin.ResetConsumerGroupOffsetTest,253.03999999999996
kafka.admin.TimeConversionTests,0.006
kafka.admin.TopicCommandTest,0.005
kafka.admin.TopicCommandWithAdminClientTest,174.95099999999996
kafka.admin.TopicCommandWithZKClientTest,4.439999999999999
kafka.api.AdminClientWithPoliciesIntegrationTest,9.978
kafka.api.ApiUtilsTest,0.325
kafka.api.ApiVersionTest,0.004
kafka.api.AuthorizerIntegrationTest,192.09799999999996
kafka.api.ClientIdQuotaTest,64.149
kafka.api.ConsumerBounceTest,89.264
kafka.api.ConsumerTopicCreationTest,12.892
kafka.api.CustomQuotaCallbackTest,39.153
kafka.api.DelegationTokenEndToEndAuthorizationTest,99.41400000000002
kafka.api.DescribeAuthorizedOperationsTest,61.956
kafka.api.EndToEndClusterIdTest,2.235
kafka.api.GroupAuthorizerIntegrationTest,4.444
kafka.api.GroupCoordinatorIntegrationTest,2.24
kafka.api.GroupEndToEndAuthorizationTest,89.602
kafka.api.LogAppendTimeTest,3.364
kafka.api.MetricsTest,3.252
kafka.api.PlaintextAdminIntegrationTest,244.73999999999998
kafka.api.PlaintextConsumerTest,343.7680000000001
kafka.api.PlaintextEndToEndAuthorizationTest,69.287
kafka.api.PlaintextProducerSendTest,64.075
kafka.api.ProducerFailureHandlingTest,62.092
kafka.api.RackAwareAutoTopicCreationTest,3.583
kafka.api.SaslClientsWithInvalidCredentialsTest,28.344000000000005
kafka.api.SaslGssapiSslEndToEndAuthorizationTest,342.1569999999999
kafka.api.SaslMultiMechanismConsumerTest,86.178
kafka.api.SaslOAuthBearerSslEndToEndAuthorizationTest,88.224
kafka.api.SaslPlainPlaintextConsumerTest,15.551
kafka.api.SaslPlainSslEndToEndAuthorizationTest,97.18500000000002
kafka.api.SaslPlaintextConsumerTest,46.605000000000004
kafka.api.SaslScramSslEndToEndAuthorizationTest,94.176
kafka.api.SaslSslAdminIntegrationTest,270.21500000000003
kafka.api.SaslSslConsumerTest,52.616
kafka.api.SslAdminIntegrationTest,139.42899999999997
kafka.api.SslConsumerTest,15.907
kafka.api.SslEndToEndAuthorizationTest,99.178
kafka.api.SslProducerSendTest,85.318
kafka.api.TransactionsBounceTest,42.272999999999996
kafka.api.TransactionsExpirationTest,9.503
kafka.api.TransactionsTest,127.05000000000001
kafka.api.UserClientIdQuotaTest,84.726
kafka.api.UserQuotaTest,156.075
kafka.api.test.ProducerCompressionTest,14.137
kafka.cluster.BrokerEndPointTest,0.004
kafka.cluster.PartitionLockTest,0.792
kafka.cluster.PartitionTest,12.495999999999999
kafka.cluster.ReplicaTest,6.599
kafka.common.InterBrokerSendThreadTest,0.007
kafka.common.ZkNodeChangeNotificationListenerTest,0.7
kafka.controller.ControllerChannelManagerTest,0.355
kafka.controller.ControllerEventManagerTest,0.621
kafka.controller.ControllerFailoverTest,2.3
kafka.controller.ControllerIntegrationTest,100.602
kafka.controller.PartitionLeaderElectionAlgorithmsTest,0.005
kafka.controller.PartitionStateMachineTest,0.07400000000000001
kafka.controller.ReplicaStateMachineTest,0.07300000000000004
kafka.controller.TopicDeletionManagerTest,0.1
kafka.coordinator.group.GroupCoordinatorConcurrencyTest,6.407
kafka.coordinator.group.GroupCoordinatorTest,2.754999999999997
kafka.coordinator.group.GroupMetadataManagerTest,0.6320000000000003
kafka.coordinator.group.GroupMetadataTest,0.021000000000000008
kafka.coordinator.group.MemberMetadataTest,0.004
kafka.coordinator.transaction.ProducerIdManagerTest,0.735
kafka.coordinator.transaction.TransactionCoordinatorConcurrencyTest,9.665
kafka.coordinator.transaction.TransactionCoordinatorTest,0.1920000000000001
kafka.coordinator.transaction.TransactionLogTest,0.03
kafka.coordinator.transaction.TransactionMarkerChannelManagerTest,1.1169999999999998
kafka.coordinator.transaction.TransactionMarkerRequestCompletionHandlerTest,0.06600000000000002
kafka.coordinator.transaction.TransactionMetadataTest,0.10500000000000001
kafka.coordinator.transaction.TransactionStateManagerTest,0.19900000000000004
kafka.integration.MetricsDuringTopicCreationDeletionTest,11.268
kafka.integration.MinIsrConfigTest,2.216
kafka.integration.UncleanLeaderElectionTest,80.55900000000001
kafka.log.BrokerCompressionTest,1.2220000000000004
kafka.log.LogCleanerIntegrationTest,10.274
kafka.log.LogCleanerLagIntegrationTest,48.941
kafka.log.LogCleanerManagerTest,11.094
kafka.log.LogCleanerParameterizedIntegrationTest,163.29700000000003
kafka.log.LogCleanerTest,35.777
kafka.log.LogConcurrencyTest,123.381
kafka.log.LogConfigTest,0.025000000000000005
kafka.log.LogManagerTest,38.815
kafka.log.LogSegmentTest,1.365
kafka.log.LogTest,97.851
kafka.log.LogValidatorTest,0.11000000000000006
kafka.log.OffsetIndexTest,0.07200000000000001
kafka.log.OffsetMapTest,0.037
kafka.log.ProducerStateManagerTest,0.05400000000000001
kafka.log.TimeIndexTest,0.008
kafka.log.TransactionIndexTest,0.015000000000000003
kafka.metrics.KafkaTimerTest,0.004
kafka.metrics.MetricsTest,24.801
kafka.network.ConnectionQuotasTest,5.294
kafka.network.DynamicConnectionQuotaTest,11.387
kafka.network.RequestChannelTest,0.023
kafka.network.SocketServerTest,28.185000000000002
kafka.security.auth.OperationTest,0.002
kafka.security.auth.PermissionTypeTest,0.004
kafka.security.auth.ResourceTest,0.018000000000000002
kafka.security.auth.ResourceTypeTest,0.011
kafka.security.auth.SimpleAclAuthorizerTest,20.845999999999993
kafka.security.auth.ZkAuthorizationTest,2.797
kafka.security.authorizer.AclAuthorizerTest,24.127999999999997
kafka.security.authorizer.AclEntryTest,0.001
kafka.security.minikdc.MiniKdcTest,23.638
kafka.security.token.delegation.DelegationTokenManagerTest,2.7079999999999997
kafka.server.AbstractFetcherManagerTest,0.027000000000000003
kafka.server.AbstractFetcherThreadTest,0.6890000000000001
kafka.server.AddPartitionsToTxnRequestServerTest,5.2
kafka.server.AdvertiseBrokerTest,2.206
kafka.server.AlterReplicaLogDirsRequestTest,10.475000000000001
kafka.server.ApiVersionsRequestTest,11.802
kafka.server.BrokerEpochIntegrationTest,18.534
kafka.server.BrokerMetadataCheckpointTest,0.0
kafka.server.ClientQuotaManagerTest,17.021
kafka.server.ClientQuotasRequestTest,42.755
kafka.server.CreateTopicsRequestTest,20.310000000000002
kafka.server.CreateTopicsRequestWithPolicyTest,6.958
kafka.server.DelayedFetchTest,0.007
kafka.server.DelayedOperationTest,5.441
kafka.server.DelegationTokenRequestsOnPlainTextTest,4.238
kafka.server.DelegationTokenRequestsTest,3.248
kafka.server.DelegationTokenRequestsWithDisableTokenFeatureTest,3.208
kafka.server.DeleteTopicsRequestTest,15.976
kafka.server.DeleteTopicsRequestWithDeletionDisabledTest,2.2
kafka.server.DescribeLogDirsRequestTest,4.211
kafka.server.DynamicBrokerConfigTest,0.684
kafka.server.DynamicBrokerReconfigurationTest,166.83999999999997
kafka.server.DynamicConfigChangeTest,40.611
kafka.server.DynamicConfigTest,0.46499999999999997
kafka.server.EdgeCaseRequestTest,14.062999999999999
kafka.server.FetchRequestDownConversionConfigTest,18.834
kafka.server.FetchRequestMaxBytesTest,3.233
kafka.server.FetchRequestTest,62.24900000000001
kafka.server.FetchSessionTest,0.043000000000000003
kafka.server.GssapiAuthenticationTest,66.807
kafka.server.HighwatermarkPersistenceTest,1.027
kafka.server.IsrExpirationTest,1.63
kafka.server.KafkaApisTest,0.5450000000000003
kafka.server.KafkaConfigTest,1.0499999999999998
kafka.server.KafkaMetricReporterClusterIdTest,2.205
kafka.server.KafkaMetricReporterExceptionHandlingTest,2.205
kafka.server.KafkaMetricsReporterTest,2.214
kafka.server.KafkaServerTest,3.8150000000000004
kafka.server.LeaderElectionTest,13.677
kafka.server.LinuxIoMetricsCollectorTest,0.009999999999999998
kafka.server.ListOffsetsRequestTest,14.855
kafka.server.LogDirFailureTest,40.474000000000004
kafka.server.LogOffsetTest,32.795
kafka.server.LogRecoveryTest,32.569
kafka.server.MetadataCacheTest,0.016
kafka.server.MetadataRequestTest,54.85500000000002
kafka.server.MultipleListenersWithAdditionalJaasContextTest,43.923
kafka.server.MultipleListenersWithDefaultJaasContextTest,41.278
kafka.server.OffsetsForLeaderEpochRequestTest,10.524000000000001
kafka.server.ProduceRequestTest,19.331999999999997
kafka.server.ReplicaAlterLogDirsThreadTest,5.1129999999999995
kafka.server.ReplicaFetchTest,3.349
kafka.server.ReplicaFetcherThreadTest,5.1469999999999985
kafka.server.ReplicaManagerQuotasTest,1.914
kafka.server.ReplicaManagerTest,10.406999999999998
kafka.server.ReplicationQuotaManagerTest,0.002
kafka.server.ReplicationQuotasTest,46.899
kafka.server.RequestQuotaTest,16.798000000000002
kafka.server.SaslApiVersionsRequestTest,9.969000000000001
kafka.server.ScramServerStartupTest,4.372
kafka.server.ServerGenerateBrokerIdTest,24.989
kafka.server.ServerGenerateClusterIdTest,27.988
kafka.server.ServerMetricsTest,0.005
kafka.server.ServerShutdownTest,13.408000000000001
kafka.server.ServerStartupTest,13.315999999999999
kafka.server.StopReplicaRequestTest,3.228
kafka.server.ThrottledChannelExpirationTest,2.021
kafka.server.checkpoints.LeaderEpochCheckpointFileTest,0.136
kafka.server.checkpoints.OffsetCheckpointFileTest,0.318
kafka.server.epoch.EpochDrivenReplicationProtocolAcceptanceTest,128.956
kafka.server.epoch.LeaderEpochFileCacheTest,0.114
kafka.server.epoch.LeaderEpochIntegrationTest,16.827
kafka.server.epoch.OffsetsForLeaderEpochTest,0.014
kafka.tools.ConsoleConsumerTest,0.49700000000000005
kafka.tools.ConsoleProducerTest,0.14700000000000002
kafka.tools.ConsumerPerformanceTest,0.048
kafka.tools.CustomDeserializerTest,1.174
kafka.tools.DumpLogSegmentsTest,0.808
kafka.tools.MirrorMakerIntegrationTest,12.374
kafka.tools.MirrorMakerTest,0.007
kafka.tools.ReplicaVerificationToolTest,0.026
kafka.utils.CommandLineUtilsTest,0.004
kafka.utils.CoreUtilsTest,0.054
kafka.utils.ExitTest,0.02
kafka.utils.JsonTest,0.012
kafka.utils.LoggingTest,0.004
kafka.utils.PasswordEncoderTest,0.511
kafka.utils.ReplicationUtilsTest,0.165
kafka.utils.SchedulerTest,0.174
kafka.utils.ShutdownableThreadTest,0.104
kafka.utils.ToolsUtilsTest,0.007
kafka.utils.TopicFilterTest,0.002
kafka.utils.json.JsonValueTest,0.08300000000000002
kafka.utils.timer.TimerTaskListTest,0.007
kafka.utils.timer.TimerTest,2.511
kafka.zk.ExtendedAclStoreTest,0.098
kafka.zk.KafkaZkClientTest,18.754
kafka.zk.LiteralAclStoreTest,0.001
kafka.zk.ReassignPartitionsZNodeTest,0.027999999999999997
kafka.zookeeper.ZooKeeperClientTest,24.583000000000006
unit.kafka.cluster.AssignmentStateTest,2.7559999999999993
unit.kafka.controller.ControllerContextTest,1.6599999999999995
unit.kafka.utils.ThrottlerTest,0.011
org.apache.kafka.message.CodeBufferTest,0.013000000000000001
org.apache.kafka.message.EntityTypeTest,0.019
org.apache.kafka.message.IsNullConditionalTest,0.011000000000000001
org.apache.kafka.message.MessageDataGeneratorTest,1.9649999999999994
org.apache.kafka.message.MessageGeneratorTest,1.2809999999999997
org.apache.kafka.message.StructRegistryTest,0.447
org.apache.kafka.message.VersionConditionalTest,0.09200000000000003
org.apache.kafka.message.VersionsTest,0.006
org.apache.kafka.log4jappender.KafkaLog4jAppenderTest,1.7289999999999999
org.apache.kafka.streams.KafkaStreamsTest,3.6830000000000003
org.apache.kafka.streams.KeyValueTest,0.0
org.apache.kafka.streams.StreamsBuilderTest,1.231999999999999
org.apache.kafka.streams.StreamsConfigTest,0.12100000000000008
org.apache.kafka.streams.TopologyTest,0.12300000000000003
org.apache.kafka.streams.integration.EOSUncleanShutdownIntegrationTest,12.451
org.apache.kafka.streams.integration.EosBetaUpgradeIntegrationTest,0.0
org.apache.kafka.streams.integration.EosIntegrationTest,163.22000000000003
org.apache.kafka.streams.integration.FineGrainedAutoResetIntegrationTest,21.383000000000003
org.apache.kafka.streams.integration.GlobalKTableEOSIntegrationTest,16.273
org.apache.kafka.streams.integration.GlobalKTableIntegrationTest,6.429
org.apache.kafka.streams.integration.GlobalThreadShutDownOrderTest,5.836
org.apache.kafka.streams.integration.InternalTopicIntegrationTest,2.117
org.apache.kafka.streams.integration.KStreamAggregationDedupIntegrationTest,12.372000000000002
org.apache.kafka.streams.integration.KStreamAggregationIntegrationTest,37.416
org.apache.kafka.streams.integration.KStreamRepartitionIntegrationTest,81.58900000000001
org.apache.kafka.streams.integration.KStreamTransformIntegrationTest,18.621000000000002
org.apache.kafka.streams.integration.KTableKTableForeignKeyInnerJoinMultiIntegrationTest,17.379
org.apache.kafka.streams.integration.KTableKTableForeignKeyJoinIntegrationTest,340.81999999999977
org.apache.kafka.streams.integration.KTableKTableForeignKeyJoinMaterializationIntegrationTest,11.249
org.apache.kafka.streams.integration.KTableSourceTopicRestartIntegrationTest,19.79
org.apache.kafka.streams.integration.LagFetchIntegrationTest,21.781
org.apache.kafka.streams.integration.MetricsIntegrationTest,36.028
org.apache.kafka.streams.integration.OptimizedKTableIntegrationTest,8.488
org.apache.kafka.streams.integration.PurgeRepartitionTopicIntegrationTest,30.206
org.apache.kafka.streams.integration.QueryableStateIntegrationTest,124.04899999999999
org.apache.kafka.streams.integration.RegexSourceIntegrationTest,53.432
org.apache.kafka.streams.integration.ResetIntegrationTest,81.77799999999999
org.apache.kafka.streams.integration.ResetIntegrationWithSslTest,38.443
org.apache.kafka.streams.integration.ResetPartitionTimeIntegrationTest,38.446
org.apache.kafka.streams.integration.RestoreIntegrationTest,9.479
org.apache.kafka.streams.integration.RocksDBMetricsIntegrationTest,41.335
org.apache.kafka.streams.integration.SmokeTestDriverIntegrationTest,175.007
org.apache.kafka.streams.integration.StandbyTaskCreationIntegrationTest,2.751
org.apache.kafka.streams.integration.StandbyTaskEOSIntegrationTest,8.768
org.apache.kafka.streams.integration.StateRestorationIntegrationTest,12.174
org.apache.kafka.streams.integration.StoreQueryIntegrationTest,30.884999999999998
org.apache.kafka.streams.integration.StoreUpgradeIntegrationTest,73.173
org.apache.kafka.streams.integration.StreamStreamJoinIntegrationTest,80.399
org.apache.kafka.streams.integration.StreamTableJoinIntegrationTest,12.963000000000001
org.apache.kafka.streams.integration.StreamsUpgradeTestIntegrationTest,46.552
org.apache.kafka.streams.integration.SuppressionDurabilityIntegrationTest,57.242000000000004
org.apache.kafka.streams.integration.SuppressionIntegrationTest,21.205999999999996
org.apache.kafka.streams.integration.TableTableJoinIntegrationTest,113.60899999999997
org.apache.kafka.streams.integration.TaskAssignorIntegrationTest,0.206
org.apache.kafka.streams.internals.ApiUtilsTest,0.002
org.apache.kafka.streams.internals.metrics.ClientMetricsTest,0.003
org.apache.kafka.streams.kstream.JoinWindowsTest,0.003
org.apache.kafka.streams.kstream.MaterializedTest,0.004
org.apache.kafka.streams.kstream.NamedTest,0.001
org.apache.kafka.streams.kstream.PrintedTest,0.014
org.apache.kafka.streams.kstream.RepartitionTopicNamingTest,0.07000000000000002
org.apache.kafka.streams.kstream.SessionWindowedDeserializerTest,0.0
org.apache.kafka.streams.kstream.SessionWindowedSerializerTest,0.001
org.apache.kafka.streams.kstream.SessionWindowsTest,0.002
org.apache.kafka.streams.kstream.SuppressedTest,0.001
org.apache.kafka.streams.kstream.TimeWindowedDeserializerTest,0.0
org.apache.kafka.streams.kstream.TimeWindowedSerializerTest,0.001
org.apache.kafka.streams.kstream.TimeWindowsTest,0.007
org.apache.kafka.streams.kstream.UnlimitedWindowsTest,0.007
org.apache.kafka.streams.kstream.WindowTest,0.001
org.apache.kafka.streams.kstream.WindowedSerdesTest,0.006
org.apache.kafka.streams.kstream.WindowsTest,0.001
org.apache.kafka.streams.kstream.internals.AbstractStreamTest,0.011
org.apache.kafka.streams.kstream.internals.CogroupedKStreamImplTest,23.169000000000004
org.apache.kafka.streams.kstream.internals.FullChangeSerdeTest,0.001
org.apache.kafka.streams.kstream.internals.GlobalKTableJoinsTest,1.204
org.apache.kafka.streams.kstream.internals.InternalStreamsBuilderTest,0.014000000000000005
org.apache.kafka.streams.kstream.internals.KGroupedStreamImplTest,19.886000000000003
org.apache.kafka.streams.kstream.internals.KGroupedTableImplTest,16.044
org.apache.kafka.streams.kstream.internals.KStreamBranchTest,0.009000000000000001
org.apache.kafka.streams.kstream.internals.KStreamFilterTest,0.012
org.apache.kafka.streams.kstream.internals.KStreamFlatMapTest,0.005
org.apache.kafka.streams.kstream.internals.KStreamFlatMapValuesTest,0.012
org.apache.kafka.streams.kstream.internals.KStreamFlatTransformTest,0.013999999999999999
org.apache.kafka.streams.kstream.internals.KStreamFlatTransformValuesTest,0.004
org.apache.kafka.streams.kstream.internals.KStreamForeachTest,0.009000000000000001
org.apache.kafka.streams.kstream.internals.KStreamGlobalKTableJoinTest,5.011
org.apache.kafka.streams.kstream.internals.KStreamGlobalKTableLeftJoinTest,9.614999999999998
org.apache.kafka.streams.kstream.internals.KStreamImplTest,10.37099999999997
org.apache.kafka.streams.kstream.internals.KStreamKStreamJoinTest,61.12899999999999
org.apache.kafka.streams.kstream.internals.KStreamKStreamLeftJoinTest,18.035
org.apache.kafka.streams.kstream.internals.KStreamKTableJoinTest,14.837
org.apache.kafka.streams.kstream.internals.KStreamKTableLeftJoinTest,8.645
org.apache.kafka.streams.kstream.internals.KStreamMapTest,0.007
org.apache.kafka.streams.kstream.internals.KStreamMapValuesTest,0.011
org.apache.kafka.streams.kstream.internals.KStreamPeekTest,0.017
org.apache.kafka.streams.kstream.internals.KStreamPrintTest,0.002
org.apache.kafka.streams.kstream.internals.KStreamRepartitionTest,0.01
org.apache.kafka.streams.kstream.internals.KStreamSelectKeyTest,0.007
org.apache.kafka.streams.kstream.internals.KStreamSessionWindowAggregateProcessorTest,4.787
org.apache.kafka.streams.kstream.internals.KStreamTransformTest,0.017
org.apache.kafka.streams.kstream.internals.KStreamTransformValuesTest,0.015
org.apache.kafka.streams.kstream.internals.KStreamWindowAggregateTest,9.266
org.apache.kafka.streams.kstream.internals.KTableAggregateTest,23.000000000000004
org.apache.kafka.streams.kstream.internals.KTableFilterTest,11.738
org.apache.kafka.streams.kstream.internals.KTableImplTest,1.8019999999999998
org.apache.kafka.streams.kstream.internals.KTableKTableForeignKeyJoinScenarioTest,10.654
org.apache.kafka.streams.kstream.internals.KTableKTableInnerJoinTest,45.748
org.apache.kafka.streams.kstream.internals.KTableKTableLeftJoinTest,18.930000000000003
org.apache.kafka.streams.kstream.internals.KTableKTableOuterJoinTest,14.963999999999999
org.apache.kafka.streams.kstream.internals.KTableKTableRightJoinTest,0.003
org.apache.kafka.streams.kstream.internals.KTableMapKeysTest,0.005
org.apache.kafka.streams.kstream.internals.KTableMapValuesTest,4.675999999999999
org.apache.kafka.streams.kstream.internals.KTableReduceTest,0.004
org.apache.kafka.streams.kstream.internals.KTableSourceTest,4.021999999999999
org.apache.kafka.streams.kstream.internals.KTableTransformValuesTest,5.913999999999999
org.apache.kafka.streams.kstream.internals.MaterializedInternalTest,0.011
org.apache.kafka.streams.kstream.internals.NamedInternalTest,0.002
org.apache.kafka.streams.kstream.internals.SessionCacheFlushListenerTest,0.001
org.apache.kafka.streams.kstream.internals.SessionTupleForwarderTest,0.021
org.apache.kafka.streams.kstream.internals.SessionWindowTest,0.0
org.apache.kafka.streams.kstream.internals.SessionWindowedCogroupedKStreamImplTest,5.547
org.apache.kafka.streams.kstream.internals.SessionWindowedKStreamImplTest,9.142999999999999
org.apache.kafka.streams.kstream.internals.SuppressScenarioTest,17.573999999999998
org.apache.kafka.streams.kstream.internals.SuppressTopologyTest,0.007
org.apache.kafka.streams.kstream.internals.TimeWindowTest,0.0
org.apache.kafka.streams.kstream.internals.TimeWindowedCogroupedKStreamImplTest,11.095
org.apache.kafka.streams.kstream.internals.TimeWindowedKStreamImplTest,6.938000000000001
org.apache.kafka.streams.kstream.internals.TimestampedCacheFlushListenerTest,0.001
org.apache.kafka.streams.kstream.internals.TimestampedTupleForwarderTest,0.032
org.apache.kafka.streams.kstream.internals.TransformerSupplierAdapterTest,0.004
org.apache.kafka.streams.kstream.internals.UnlimitedWindowTest,0.001
org.apache.kafka.streams.kstream.internals.WindowedStreamPartitionerTest,0.002
org.apache.kafka.streams.kstream.internals.foreignkeyjoin.CombinedKeySchemaTest,0.005
org.apache.kafka.streams.kstream.internals.foreignkeyjoin.SubscriptionResolverJoinProcessorSupplierTest,0.006
org.apache.kafka.streams.kstream.internals.foreignkeyjoin.SubscriptionResponseWrapperSerdeTest,0.002
org.apache.kafka.streams.kstream.internals.foreignkeyjoin.SubscriptionWrapperSerdeTest,0.003
org.apache.kafka.streams.kstream.internals.graph.GraphGraceSearchUtilTest,0.003
org.apache.kafka.streams.kstream.internals.graph.StreamsGraphTest,0.036000000000000004
org.apache.kafka.streams.kstream.internals.graph.TableProcessorNodeTest,0.001
org.apache.kafka.streams.kstream.internals.suppress.KTableSuppressProcessorMetricsTest,0.044
org.apache.kafka.streams.kstream.internals.suppress.KTableSuppressProcessorTest,0.014000000000000005
org.apache.kafka.streams.processor.DefaultPartitionGrouperTest,0.003
org.apache.kafka.streams.processor.FailOnInvalidTimestampTest,0.002
org.apache.kafka.streams.processor.LogAndSkipOnInvalidTimestampTest,0.030000000000000002
org.apache.kafka.streams.processor.UsePartitionTimeOnInvalidTimestampTest,0.029
org.apache.kafka.streams.processor.UsePreviousTimeOnInvalidTimestampTest,0.001
org.apache.kafka.streams.processor.WallclockTimestampExtractorTest,0.001
org.apache.kafka.streams.processor.internals.AbstractProcessorContextTest,0.014000000000000005
org.apache.kafka.streams.processor.internals.ActiveTaskCreatorTest,0.17100000000000007
org.apache.kafka.streams.processor.internals.ClientUtilsTest,0.07300000000000001
org.apache.kafka.streams.processor.internals.CopartitionedTopicsEnforcerTest,0.006
org.apache.kafka.streams.processor.internals.ForwardingDisabledProcessorContextTest,0.001
org.apache.kafka.streams.processor.internals.GlobalProcessorContextImplTest,0.05100000000000001
org.apache.kafka.streams.processor.internals.GlobalStateManagerImplTest,0.48100000000000004
org.apache.kafka.streams.processor.internals.GlobalStateTaskTest,0.011000000000000003
org.apache.kafka.streams.processor.internals.GlobalStreamThreadTest,3.375
org.apache.kafka.streams.processor.internals.HighAvailabilityStreamsPartitionAssignorTest,0.143
org.apache.kafka.streams.processor.internals.InternalTopicConfigTest,0.002
org.apache.kafka.streams.processor.internals.InternalTopicManagerTest,0.391
org.apache.kafka.streams.processor.internals.InternalTopologyBuilderTest,0.03000000000000002
org.apache.kafka.streams.processor.internals.PartitionGroupTest,0.030000000000000006
org.apache.kafka.streams.processor.internals.ProcessorContextImplTest,0.18100000000000008
org.apache.kafka.streams.processor.internals.ProcessorContextTest,0.1
org.apache.kafka.streams.processor.internals.ProcessorNodeTest,0.012
org.apache.kafka.streams.processor.internals.ProcessorRecordContextTest,0.001
org.apache.kafka.streams.processor.internals.ProcessorStateManagerTest,0.37000000000000005
org.apache.kafka.streams.processor.internals.ProcessorTopologyTest,0.12400000000000003
org.apache.kafka.streams.processor.internals.PunctuationQueueTest,0.003
org.apache.kafka.streams.processor.internals.QuickUnionTest,0.001
org.apache.kafka.streams.processor.internals.RecordCollectorTest,0.06500000000000002
org.apache.kafka.streams.processor.internals.RecordDeserializerTest,0.0
org.apache.kafka.streams.processor.internals.RecordQueueTest,0.019000000000000003
org.apache.kafka.streams.processor.internals.RepartitionOptimizingTest,0.086
org.apache.kafka.streams.processor.internals.RepartitionTopicConfigTest,0.0
org.apache.kafka.streams.processor.internals.RepartitionWithMergeOptimizingTest,0.10200000000000001
org.apache.kafka.streams.processor.internals.SinkNodeTest,0.002
org.apache.kafka.streams.processor.internals.SourceNodeTest,0.009000000000000001
org.apache.kafka.streams.processor.internals.StandbyTaskTest,0.06900000000000003
org.apache.kafka.streams.processor.internals.StateConsumerTest,0.002
org.apache.kafka.streams.processor.internals.StateDirectoryTest,0.13300000000000003
org.apache.kafka.streams.processor.internals.StateManagerUtilTest,0.7560000000000001
org.apache.kafka.streams.processor.internals.StateRestoreCallbackAdapterTest,0.004
org.apache.kafka.streams.processor.internals.StoreChangelogReaderTest,0.16800000000000012
org.apache.kafka.streams.processor.internals.StreamTaskTest,0.2780000000000002
org.apache.kafka.streams.processor.internals.StreamThreadTest,3.850999999999999
org.apache.kafka.streams.processor.internals.StreamsMetadataStateTest,0.06700000000000003
org.apache.kafka.streams.processor.internals.StreamsPartitionAssignorTest,1.0200000000000007
org.apache.kafka.streams.processor.internals.StreamsProducerTest,0.1620000000000001
org.apache.kafka.streams.processor.internals.TaskManagerTest,0.3250000000000001
org.apache.kafka.streams.processor.internals.TimestampedKeyValueStoreMaterializerTest,0.003
org.apache.kafka.streams.processor.internals.assignment.AssignmentInfoTest,0.010000000000000002
org.apache.kafka.streams.processor.internals.assignment.AssignorConfigurationTest,0.001
org.apache.kafka.streams.processor.internals.assignment.ClientStateTest,0.01800000000000001
org.apache.kafka.streams.processor.internals.assignment.ConstrainedPrioritySetTest,0.004
org.apache.kafka.streams.processor.internals.assignment.FallbackPriorTaskAssignorTest,0.001
org.apache.kafka.streams.processor.internals.assignment.HighAvailabilityTaskAssignorTest,0.051000000000000024
org.apache.kafka.streams.processor.internals.assignment.StickyTaskAssignorTest,0.02700000000000001
org.apache.kafka.streams.processor.internals.assignment.SubscriptionInfoTest,0.009000000000000001
org.apache.kafka.streams.processor.internals.assignment.TaskAssignorConvergenceTest,10.034
org.apache.kafka.streams.processor.internals.assignment.TaskMovementTest,0.009000000000000001
org.apache.kafka.streams.processor.internals.metrics.ProcessorNodeMetricsTest,0.6170000000000001
org.apache.kafka.streams.processor.internals.metrics.StreamsMetricsImplTest,0.7140000000000002
org.apache.kafka.streams.processor.internals.metrics.TaskMetricsTest,0.658
org.apache.kafka.streams.processor.internals.metrics.ThreadMetricsTest,0.636
org.apache.kafka.streams.state.HostInfoTest,0.24400000000000002
org.apache.kafka.streams.state.StateSerdesTest,0.048
org.apache.kafka.streams.state.StoresTest,0.5070000000000001
org.apache.kafka.streams.state.StreamsMetadataTest,0.001
org.apache.kafka.streams.state.internals.BufferValueTest,0.002
org.apache.kafka.streams.state.internals.CachingKeyValueStoreTest,24.877
org.apache.kafka.streams.state.internals.CachingSessionStoreTest,0.16300000000000006
org.apache.kafka.streams.state.internals.CachingWindowStoreTest,20.21400000000001
org.apache.kafka.streams.state.internals.ChangeLoggingKeyValueBytesStoreTest,0.021000000000000005
org.apache.kafka.streams.state.internals.ChangeLoggingSessionBytesStoreTest,0.05900000000000001
org.apache.kafka.streams.state.internals.ChangeLoggingTimestampedKeyValueBytesStoreTest,0.034999999999999996
org.apache.kafka.streams.state.internals.ChangeLoggingTimestampedWindowBytesStoreTest,0.08800000000000001
org.apache.kafka.streams.state.internals.ChangeLoggingWindowBytesStoreTest,0.006
org.apache.kafka.streams.state.internals.CompositeReadOnlyKeyValueStoreTest,0.13000000000000006
org.apache.kafka.streams.state.internals.CompositeReadOnlySessionStoreTest,0.008
org.apache.kafka.streams.state.internals.CompositeReadOnlyWindowStoreTest,0.023000000000000007
org.apache.kafka.streams.state.internals.DelegatingPeekingKeyValueIteratorTest,0.007
org.apache.kafka.streams.state.internals.FilteredCacheIteratorTest,0.006
org.apache.kafka.streams.state.internals.GlobalStateStoreProviderTest,0.027999999999999997
org.apache.kafka.streams.state.internals.InMemoryKeyValueLoggedStoreTest,0.8690000000000002
org.apache.kafka.streams.state.internals.InMemoryKeyValueStoreTest,0.09000000000000005
org.apache.kafka.streams.state.internals.InMemoryLRUCacheStoreTest,0.10700000000000005
org.apache.kafka.streams.state.internals.InMemorySessionStoreTest,0.05900000000000003
org.apache.kafka.streams.state.internals.InMemoryTimeOrderedKeyValueBufferTest,0.003
org.apache.kafka.streams.state.internals.InMemoryWindowStoreTest,0.12600000000000003
org.apache.kafka.streams.state.internals.KeyValueIteratorFacadeTest,0.002
org.apache.kafka.streams.state.internals.KeyValueSegmentTest,0.385
org.apache.kafka.streams.state.internals.KeyValueSegmentsTest,16.076
org.apache.kafka.streams.state.internals.KeyValueStoreBuilderTest,0.006
org.apache.kafka.streams.state.internals.MaybeTest,0.002
org.apache.kafka.streams.state.internals.MergedSortedCacheKeyValueBytesStoreIteratorTest,0.005
org.apache.kafka.streams.state.internals.MergedSortedCacheWrappedSessionStoreIteratorTest,0.002
org.apache.kafka.streams.state.internals.MergedSortedCacheWrappedWindowStoreIteratorTest,0.004
org.apache.kafka.streams.state.internals.MergedSortedCacheWrappedWindowStoreKeyValueIteratorTest,0.006
org.apache.kafka.streams.state.internals.MeteredKeyValueStoreTest,0.261
org.apache.kafka.streams.state.internals.MeteredSessionStoreTest,0.37100000000000005
org.apache.kafka.streams.state.internals.MeteredTimestampedKeyValueStoreTest,0.04800000000000002
org.apache.kafka.streams.state.internals.MeteredTimestampedWindowStoreTest,0.012999999999999998
org.apache.kafka.streams.state.internals.MeteredWindowStoreTest,0.08100000000000003
org.apache.kafka.streams.state.internals.Murmur3Test,0.006
org.apache.kafka.streams.state.internals.NamedCacheTest,0.013000000000000001
org.apache.kafka.streams.state.internals.OffsetCheckpointTest,0.16999999999999998
org.apache.kafka.streams.state.internals.QueryableStoreProviderTest,0.020000000000000004
org.apache.kafka.streams.state.internals.ReadOnlyKeyValueStoreFacadeTest,0.015
org.apache.kafka.streams.state.internals.ReadOnlyWindowStoreFacadeTest,0.010000000000000002
org.apache.kafka.streams.state.internals.RecordConvertersTest,0.002
org.apache.kafka.streams.state.internals.RocksDBGenericOptionsToDbOptionsColumnFamilyOptionsAdapterTest,0.802
org.apache.kafka.streams.state.internals.RocksDBKeyValueStoreTest,16.235
org.apache.kafka.streams.state.internals.RocksDBSegmentedBytesStoreTest,32.854
org.apache.kafka.streams.state.internals.RocksDBSessionStoreTest,12.266
org.apache.kafka.streams.state.internals.RocksDBStoreTest,15.707999999999998
org.apache.kafka.streams.state.internals.RocksDBTimestampedSegmentedBytesStoreTest,32.586999999999996
org.apache.kafka.streams.state.internals.RocksDBTimestampedStoreTest,22.561000000000003
org.apache.kafka.streams.state.internals.RocksDBWindowStoreTest,36.77300000000001
org.apache.kafka.streams.state.internals.SegmentIteratorTest,5.252
org.apache.kafka.streams.state.internals.SegmentedCacheFunctionTest,0.009000000000000001
org.apache.kafka.streams.state.internals.SessionKeySchemaTest,0.021
org.apache.kafka.streams.state.internals.SessionStoreBuilderTest,0.020000000000000004
org.apache.kafka.streams.state.internals.StreamThreadStateStoreProviderTest,0.4070000000000002
org.apache.kafka.streams.state.internals.ThreadCacheTest,4.904000000000002
org.apache.kafka.streams.state.internals.TimeOrderedKeyValueBufferTest,0.05400000000000001
org.apache.kafka.streams.state.internals.TimestampedKeyValueStoreBuilderTest,0.768
org.apache.kafka.streams.state.internals.TimestampedSegmentTest,0.627
org.apache.kafka.streams.state.internals.TimestampedSegmentsTest,28.739
org.apache.kafka.streams.state.internals.TimestampedWindowStoreBuilderTest,0.038000000000000006
org.apache.kafka.streams.state.internals.ValueAndTimestampSerializerTest,0.001
org.apache.kafka.streams.state.internals.WindowKeySchemaTest,0.021000000000000005
org.apache.kafka.streams.state.internals.WindowStoreBuilderTest,0.04200000000000001
org.apache.kafka.streams.state.internals.WrappingStoreProviderTest,0.004
org.apache.kafka.streams.state.internals.metrics.NamedCacheMetricsTest,0.069
org.apache.kafka.streams.state.internals.metrics.RocksDBMetricsRecorderTest,0.3630000000000001
org.apache.kafka.streams.state.internals.metrics.RocksDBMetricsRecordingTriggerTest,0.004
org.apache.kafka.streams.state.internals.metrics.RocksDBMetricsTest,0.13500000000000004
org.apache.kafka.streams.state.internals.metrics.StateStoreMetricsTest,0.9460000000000002
org.apache.kafka.streams.tests.RelationalSmokeTestTest,23.405
org.apache.kafka.streams.tests.SystemTestUtilTest,0.003
org.apache.kafka.streams.tools.StreamsResetterTest,0.07800000000000001
org.apache.kafka.streams.examples.docs.DeveloperGuideTesting,0.08500000000000002
org.apache.kafka.streams.examples.wordcount.WordCountDemoTest,4.911
org.apache.kafka.streams.examples.wordcount.WordCountProcessorTest,0.016
org.apache.kafka.streams.examples.wordcount.WordCountTransformerTest,0.488
org.apache.kafka.streams.scala.StreamToTableJoinScalaIntegrationTestImplicitSerdes,31.819000000000003
org.apache.kafka.streams.scala.TopologyTest,1.626
org.apache.kafka.streams.scala.WordCountTest,57.846000000000004
org.apache.kafka.streams.scala.kstream.ConsumedTest,0.003
org.apache.kafka.streams.scala.kstream.GroupedTest,0.001
org.apache.kafka.streams.scala.kstream.JoinedTest,0.006
org.apache.kafka.streams.scala.kstream.KStreamTest,3.0829999999999997
org.apache.kafka.streams.scala.kstream.KTableTest,14.767
org.apache.kafka.streams.scala.kstream.MaterializedTest,0.060000000000000005
org.apache.kafka.streams.scala.kstream.ProducedTest,0.044
org.apache.kafka.streams.scala.kstream.RepartitionedTest,0.011000000000000001
org.apache.kafka.streams.scala.kstream.StreamJoinedTest,0.004
org.apache.kafka.streams.scala.kstream.SuppressedTest,0.010000000000000002
org.apache.kafka.streams.MockProcessorContextTest,0.501
org.apache.kafka.streams.MockTimeTest,0.001
org.apache.kafka.streams.TestTopicsTest,0.2680000000000001
org.apache.kafka.streams.TopologyTestDriverTest,18.487000000000002
org.apache.kafka.streams.internals.KeyValueStoreFacadeTest,0.07600000000000001
org.apache.kafka.streams.internals.WindowStoreFacadeTest,0.11
org.apache.kafka.streams.test.ConsumerRecordFactoryTest,0.014000000000000005
org.apache.kafka.streams.test.OutputVerifierTest,0.024000000000000014
org.apache.kafka.streams.test.TestRecordTest,0.10200000000000001
org.apache.kafka.tools.PushHttpMetricsReporterTest,3.1889999999999996
org.apache.kafka.trogdor.agent.AgentTest,1.6139999999999999
org.apache.kafka.trogdor.basic.BasicPlatformTest,0.064
org.apache.kafka.trogdor.common.JsonSerializationTest,0.343
org.apache.kafka.trogdor.common.JsonUtilTest,0.009000000000000001
org.apache.kafka.trogdor.common.StringExpanderTest,0.004
org.apache.kafka.trogdor.common.StringFormatterTest,0.011
org.apache.kafka.trogdor.common.TopologyTest,0.002
org.apache.kafka.trogdor.common.WorkerUtilsTest,0.06100000000000001
org.apache.kafka.trogdor.coordinator.CoordinatorClientTest,0.354
org.apache.kafka.trogdor.coordinator.CoordinatorTest,25.476000000000003
org.apache.kafka.trogdor.rest.RestExceptionMapperTest,0.257
org.apache.kafka.trogdor.task.TaskSpecTest,0.01
org.apache.kafka.trogdor.workload.ConsumeBenchSpecTest,0.031
org.apache.kafka.trogdor.workload.ExternalCommandWorkerTest,1.7409999999999999
org.apache.kafka.trogdor.workload.HistogramTest,0.003
org.apache.kafka.trogdor.workload.PayloadGeneratorTest,0.068
org.apache.kafka.trogdor.workload.ThrottleTest,0.003
org.apache.kafka.trogdor.workload.TimeIntervalTransactionsGeneratorTest,0.003
org.apache.kafka.trogdor.workload.TopicsSpecTest,0.13
